{
  "model_name": "tyre_wear",
  "features": [
    "pressure_fl_7d_avg",
    "pressure_fl_trend_14d",
    "pressure_fl_temp_corrected",
    "pressure_fr_7d_avg",
    "pressure_fr_trend_14d",
    "pressure_fr_temp_corrected",
    "pressure_rl_7d_avg",
    "pressure_rl_trend_14d",
    "pressure_rl_temp_corrected",
    "pressure_rr_7d_avg",
    "pressure_rr_trend_14d",
    "pressure_rr_temp_corrected",
    "fl_current",
    "fr_current",
    "rl_current",
    "rr_current",
    "tpms_status",
    "tpms_deflation_count",
    "tyre_blast_risk_score",
    "pressure_drop_rate_fl",
    "pressure_drop_rate_fr",
    "pressure_drop_rate_rl",
    "pressure_drop_rate_rr",
    "axle_imbalance_front",
    "axle_imbalance_rear",
    "pressure_axle_imbalance_front",
    "pressure_axle_imbalance_rear",
    "tyre_stress_cumulative",
    "km_since_last_tyre_service",
    "tyre_pressure_min_7d",
    "effective_tyre_km",
    "uneven_wear_indicator",
    "harsh_brake_per_100km_30d",
    "lateral_g_95th_30d",
    "sudden_turn_per_100km_30d",
    "esc_activation_rate_30d",
    "avg_speed_30d",
    "km_to_replacement"
  ],
  "correlation": [
    [
      1.0,
      -0.722,
      -0.992,
      1.0,
      -0.708,
      -0.992,
      1.0,
      -0.706,
      -0.992,
      0.997,
      -0.258,
      -0.989,
      0.867,
      0.866,
      0.87,
      0.544,
      0.0,
      0.959,
      0.089,
      -0.722,
      -0.708,
      -0.706,
      -0.258,
      0.058,
      0.133,
      0.058,
      0.133,
      0.155,
      -0.021,
      1.0,
      0.064,
      0.0,
      0.143,
      0.103,
      0.085,
      0.0,
      0.091,
      0.0
    ],
    [
      -0.722,
      1.0,
      0.741,
      -0.722,
      0.992,
      0.741,
      -0.721,
      0.992,
      0.741,
      -0.734,
      0.423,
      0.723,
      -0.711,
      -0.675,
      -0.69,
      -0.305,
      0.0,
      -0.859,
      -0.011,
      1.0,
      0.992,
      0.992,
      0.423,
      -0.176,
      -0.27,
      -0.176,
      -0.27,
      -0.064,
      0.024,
      -0.722,
      -0.041,
      0.0,
      -0.223,
      -0.033,
      0.069,
      0.0,
      -0.02,
      0.0
    ],
    [
      -0.992,
      0.741,
      1.0,
      -0.992,
      0.725,
      1.0,
      -0.993,
      0.722,
      1.0,
      -0.991,
      0.272,
      0.995,
      -0.861,
      -0.86,
      -0.856,
      -0.529,
      0.0,
      -0.966,
      0.029,
      0.741,
      0.725,
      0.722,
      0.272,
      -0.084,
      -0.148,
      -0.084,
      -0.148,
      -0.046,
      0.03,
      -0.992,
      -0.018,
      0.0,
      -0.1,
      0.013,
      -0.059,
      0.0,
      0.024,
      0.0
    ],
    [
      1.0,
      -0.722,
      -0.992,
      1.0,
      -0.707,
      -0.992,
      1.0,
      -0.706,
      -0.992,
      0.997,
      -0.257,
      -0.989,
      0.867,
      0.866,
      0.87,
      0.545,
      0.0,
      0.959,
      0.089,
      -0.722,
      -0.707,
      -0.706,
      -0.257,
      0.059,
      0.131,
      0.059,
      0.131,
      0.154,
      -0.02,
      1.0,
      0.065,
      0.0,
      0.142,
      0.103,
      0.086,
      0.0,
      0.09,
      0.0
    ],
    [
      -0.708,
      0.992,
      0.725,
      -0.707,
      1.0,
      0.725,
      -0.706,
      0.992,
      0.725,
      -0.72,
      0.439,
      0.706,
      -0.7,
      -0.665,
      -0.679,
      -0.307,
      0.0,
      -0.848,
      -0.025,
      0.992,
      1.0,
      0.992,
      0.439,
      -0.174,
      -0.271,
      -0.174,
      -0.271,
      -0.083,
      0.039,
      -0.707,
      -0.031,
      0.0,
      -0.237,
      -0.054,
      0.076,
      0.0,
      -0.039,
      0.0
    ],
    [
      -0.992,
      0.741,
      1.0,
      -0.992,
      0.725,
      1.0,
      -0.992,
      0.722,
      1.0,
      -0.991,
      0.272,
      0.995,
      -0.861,
      -0.86,
      -0.856,
      -0.528,
      0.0,
      -0.966,
      0.029,
      0.741,
      0.725,
      0.722,
      0.272,
      -0.084,
      -0.149,
      -0.084,
      -0.149,
      -0.046,
      0.03,
      -0.992,
      -0.017,
      0.0,
      -0.1,
      0.013,
      -0.058,
      0.0,
      0.025,
      0.0
    ],
    [
      1.0,
      -0.721,
      -0.993,
      1.0,
      -0.706,
      -0.992,
      1.0,
      -0.704,
      -0.992,
      0.997,
      -0.258,
      -0.989,
      0.866,
      0.865,
      0.87,
      0.545,
      0.0,
      0.958,
      0.088,
      -0.721,
      -0.706,
      -0.704,
      -0.258,
      0.057,
      0.132,
      0.057,
      0.132,
      0.154,
      -0.022,
      1.0,
      0.065,
      0.0,
      0.141,
      0.102,
      0.086,
      0.0,
      0.09,
      0.0
    ],
    [
      -0.706,
      0.992,
      0.722,
      -0.706,
      0.992,
      0.722,
      -0.704,
      1.0,
      0.723,
      -0.719,
      0.43,
      0.703,
      -0.705,
      -0.667,
      -0.679,
      -0.293,
      0.0,
      -0.847,
      -0.032,
      0.992,
      0.992,
      1.0,
      0.43,
      -0.176,
      -0.278,
      -0.176,
      -0.278,
      -0.09,
      0.014,
      -0.705,
      -0.037,
      0.0,
      -0.231,
      -0.06,
      0.066,
      0.0,
      -0.043,
      0.0
    ],
    [
      -0.992,
      0.741,
      1.0,
      -0.992,
      0.725,
      1.0,
      -0.992,
      0.723,
      1.0,
      -0.991,
      0.271,
      0.995,
      -0.861,
      -0.86,
      -0.856,
      -0.529,
      0.0,
      -0.966,
      0.029,
      0.741,
      0.725,
      0.723,
      0.271,
      -0.085,
      -0.148,
      -0.085,
      -0.148,
      -0.045,
      0.03,
      -0.992,
      -0.017,
      0.0,
      -0.1,
      0.013,
      -0.058,
      0.0,
      0.025,
      0.0
    ],
    [
      0.997,
      -0.734,
      -0.991,
      0.997,
      -0.72,
      -0.991,
      0.997,
      -0.719,
      -0.991,
      1.0,
      -0.312,
      -0.98,
      0.861,
      0.858,
      0.863,
      0.487,
      0.0,
      0.962,
      0.081,
      -0.734,
      -0.72,
      -0.719,
      -0.312,
      0.065,
      0.211,
      0.065,
      0.211,
      0.144,
      -0.024,
      0.997,
      0.065,
      0.0,
      0.137,
      0.094,
      0.083,
      0.0,
      0.083,
      0.0
    ],
    [
      -0.258,
      0.423,
      0.272,
      -0.257,
      0.439,
      0.272,
      -0.258,
      0.43,
      0.271,
      -0.312,
      1.0,
      0.187,
      -0.27,
      -0.232,
      -0.226,
      0.17,
      0.0,
      -0.345,
      0.031,
      0.423,
      0.439,
      0.43,
      1.0,
      0.039,
      -0.791,
      0.039,
      -0.791,
      0.029,
      0.009,
      -0.257,
      -0.015,
      0.0,
      -0.054,
      0.031,
      0.03,
      0.0,
      0.025,
      0.0
    ],
    [
      -0.989,
      0.723,
      0.995,
      -0.989,
      0.706,
      0.995,
      -0.989,
      0.703,
      0.995,
      -0.98,
      0.187,
      1.0,
      -0.859,
      -0.861,
      -0.857,
      -0.584,
      0.0,
      -0.955,
      0.022,
      0.723,
      0.706,
      0.703,
      0.187,
      -0.083,
      -0.053,
      -0.083,
      -0.053,
      -0.055,
      0.028,
      -0.989,
      -0.016,
      0.0,
      -0.103,
      0.005,
      -0.06,
      0.0,
      0.018,
      0.0
    ],
    [
      0.867,
      -0.711,
      -0.861,
      0.867,
      -0.7,
      -0.861,
      0.866,
      -0.705,
      -0.861,
      0.861,
      -0.27,
      -0.859,
      1.0,
      0.922,
      0.924,
      0.639,
      0.0,
      0.862,
      0.106,
      -0.711,
      -0.7,
      -0.705,
      -0.27,
      -0.001,
      0.092,
      -0.001,
      0.092,
      0.191,
      -0.136,
      0.867,
      -0.04,
      0.0,
      0.243,
      0.123,
      0.08,
      0.0,
      0.121,
      0.0
    ],
    [
      0.866,
      -0.675,
      -0.86,
      0.866,
      -0.665,
      -0.86,
      0.865,
      -0.667,
      -0.86,
      0.858,
      -0.232,
      -0.861,
      0.922,
      1.0,
      0.929,
      0.663,
      0.0,
      0.854,
      0.098,
      -0.675,
      -0.665,
      -0.667,
      -0.232,
      0.071,
      0.062,
      0.071,
      0.062,
      0.189,
      -0.118,
      0.865,
      -0.065,
      0.0,
      0.31,
      0.111,
      0.036,
      0.0,
      0.122,
      0.0
    ],
    [
      0.87,
      -0.69,
      -0.856,
      0.87,
      -0.679,
      -0.856,
      0.87,
      -0.679,
      -0.856,
      0.863,
      -0.226,
      -0.857,
      0.924,
      0.929,
      1.0,
      0.656,
      0.0,
      0.857,
      0.169,
      -0.69,
      -0.679,
      -0.679,
      -0.226,
      -0.015,
      0.07,
      -0.015,
      0.07,
      0.262,
      -0.039,
      0.87,
      -0.037,
      0.0,
      0.312,
      0.188,
      0.033,
      0.0,
      0.191,
      0.0
    ],
    [
      0.544,
      -0.305,
      -0.529,
      0.545,
      -0.307,
      -0.528,
      0.545,
      -0.293,
      -0.529,
      0.487,
      0.17,
      -0.584,
      0.639,
      0.663,
      0.656,
      1.0,
      0.0,
      0.485,
      0.141,
      -0.305,
      -0.307,
      -0.293,
      0.17,
      -0.119,
      -0.591,
      -0.119,
      -0.591,
      0.234,
      -0.032,
      0.545,
      -0.052,
      0.0,
      0.214,
      0.167,
      0.061,
      0.0,
      0.159,
      0.0
    ],
    [
      0.0,
      0.0,
      0.0,
      0.0,
      0.0,
      0.0,
      0.0,
      0.0,
      0.0,
      0.0,
      0.0,
      0.0,
      0.0,
      0.0,
      0.0,
      0.0,
      0.0,
      0.0,
      0.0,
      0.0,
      0.0,
      0.0,
      0.0,
      0.0,
      0.0,
      0.0,
      0.0,
      0.0,
      0.0,
      0.0,
      0.0,
      0.0,
      0.0,
      0.0,
      0.0,
      0.0,
      0.0,
      0.0
    ],
    [
      0.959,
      -0.859,
      -0.966,
      0.959,
      -0.848,
      -0.966,
      0.958,
      -0.847,
      -0.966,
      0.962,
      -0.345,
      -0.955,
      0.862,
      0.854,
      0.857,
      0.485,
      0.0,
      1.0,
      0.022,
      -0.859,
      -0.848,
      -0.847,
      -0.345,
      0.12,
      0.205,
      0.12,
      0.205,
      0.09,
      -0.005,
      0.959,
      0.038,
      0.0,
      0.17,
      0.036,
      0.023,
      0.0,
      0.025,
      0.0
    ],
    [
      0.089,
      -0.011,
      0.029,
      0.089,
      -0.025,
      0.029,
      0.088,
      -0.032,
      0.029,
      0.081,
      0.031,
      0.022,
      0.106,
      0.098,
      0.169,
      0.141,
      0.0,
      0.022,
      1.0,
      -0.011,
      -0.025,
      -0.032,
      0.031,
      -0.195,
      -0.079,
      -0.195,
      -0.079,
      0.935,
      0.065,
      0.089,
      0.416,
      0.0,
      0.412,
      0.986,
      0.215,
      0.0,
      0.986,
      0.0
    ],
    [
      -0.722,
      1.0,
      0.741,
      -0.722,
      0.992,
      0.741,
      -0.721,
      0.992,
      0.741,
      -0.734,
      0.423,
      0.723,
      -0.711,
      -0.675,
      -0.69,
      -0.305,
      0.0,
      -0.859,
      -0.011,
      1.0,
      0.992,
      0.992,
      0.423,
      -0.176,
      -0.27,
      -0.176,
      -0.27,
      -0.064,
      0.024,
      -0.722,
      -0.041,
      0.0,
      -0.223,
      -0.033,
      0.069,
      0.0,
      -0.02,
      0.0
    ],
    [
      -0.708,
      0.992,
      0.725,
      -0.707,
      1.0,
      0.725,
      -0.706,
      0.992,
      0.725,
      -0.72,
      0.439,
      0.706,
      -0.7,
      -0.665,
      -0.679,
      -0.307,
      0.0,
      -0.848,
      -0.025,
      0.992,
      1.0,
      0.992,
      0.439,
      -0.174,
      -0.271,
      -0.174,
      -0.271,
      -0.083,
      0.039,
      -0.707,
      -0.031,
      0.0,
      -0.237,
      -0.054,
      0.076,
      0.0,
      -0.039,
      0.0
    ],
    [
      -0.706,
      0.992,
      0.722,
      -0.706,
      0.992,
      0.722,
      -0.704,
      1.0,
      0.723,
      -0.719,
      0.43,
      0.703,
      -0.705,
      -0.667,
      -0.679,
      -0.293,
      0.0,
      -0.847,
      -0.032,
      0.992,
      0.992,
      1.0,
      0.43,
      -0.176,
      -0.278,
      -0.176,
      -0.278,
      -0.09,
      0.014,
      -0.705,
      -0.037,
      0.0,
      -0.231,
      -0.06,
      0.066,
      0.0,
      -0.043,
      0.0
    ],
    [
      -0.258,
      0.423,
      0.272,
      -0.257,
      0.439,
      0.272,
      -0.258,
      0.43,
      0.271,
      -0.312,
      1.0,
      0.187,
      -0.27,
      -0.232,
      -0.226,
      0.17,
      0.0,
      -0.345,
      0.031,
      0.423,
      0.439,
      0.43,
      1.0,
      0.039,
      -0.791,
      0.039,
      -0.791,
      0.029,
      0.009,
      -0.257,
      -0.015,
      0.0,
      -0.054,
      0.031,
      0.03,
      0.0,
      0.025,
      0.0
    ],
    [
      0.058,
      -0.176,
      -0.084,
      0.059,
      -0.174,
      -0.084,
      0.057,
      -0.176,
      -0.085,
      0.065,
      0.039,
      -0.083,
      -0.001,
      0.071,
      -0.015,
      -0.119,
      0.0,
      0.12,
      -0.195,
      -0.176,
      -0.174,
      -0.176,
      0.039,
      1.0,
      0.068,
      1.0,
      0.068,
      -0.212,
      -0.076,
      0.058,
      -0.091,
      0.0,
      0.015,
      -0.175,
      -0.145,
      0.0,
      -0.186,
      0.0
    ],
    [
      0.133,
      -0.27,
      -0.148,
      0.131,
      -0.271,
      -0.149,
      0.132,
      -0.278,
      -0.148,
      0.211,
      -0.791,
      -0.053,
      0.092,
      0.062,
      0.07,
      -0.591,
      0.0,
      0.205,
      -0.079,
      -0.27,
      -0.271,
      -0.278,
      -0.791,
      0.068,
      1.0,
      0.068,
      1.0,
      -0.104,
      -0.02,
      0.132,
      0.013,
      0.0,
      -0.031,
      -0.088,
      -0.021,
      0.0,
      -0.074,
      0.0
    ],
    [
      0.058,
      -0.176,
      -0.084,
      0.059,
      -0.174,
      -0.084,
      0.057,
      -0.176,
      -0.085,
      0.065,
      0.039,
      -0.083,
      -0.001,
      0.071,
      -0.015,
      -0.119,
      0.0,
      0.12,
      -0.195,
      -0.176,
      -0.174,
      -0.176,
      0.039,
      1.0,
      0.068,
      1.0,
      0.068,
      -0.212,
      -0.076,
      0.058,
      -0.091,
      0.0,
      0.015,
      -0.175,
      -0.145,
      0.0,
      -0.186,
      0.0
    ],
    [
      0.133,
      -0.27,
      -0.148,
      0.131,
      -0.271,
      -0.149,
      0.132,
      -0.278,
      -0.148,
      0.211,
      -0.791,
      -0.053,
      0.092,
      0.062,
      0.07,
      -0.591,
      0.0,
      0.205,
      -0.079,
      -0.27,
      -0.271,
      -0.278,
      -0.791,
      0.068,
      1.0,
      0.068,
      1.0,
      -0.104,
      -0.02,
      0.132,
      0.013,
      0.0,
      -0.031,
      -0.088,
      -0.021,
      0.0,
      -0.074,
      0.0
    ],
    [
      0.155,
      -0.064,
      -0.046,
      0.154,
      -0.083,
      -0.046,
      0.154,
      -0.09,
      -0.045,
      0.144,
      0.029,
      -0.055,
      0.191,
      0.189,
      0.262,
      0.234,
      0.0,
      0.09,
      0.935,
      -0.064,
      -0.083,
      -0.09,
      0.029,
      -0.212,
      -0.104,
      -0.212,
      -0.104,
      1.0,
      0.048,
      0.154,
      0.322,
      0.0,
      0.495,
      0.943,
      0.288,
      0.0,
      0.961,
      0.0
    ],
    [
      -0.021,
      0.024,
      0.03,
      -0.02,
      0.039,
      0.03,
      -0.022,
      0.014,
      0.03,
      -0.024,
      0.009,
      0.028,
      -0.136,
      -0.118,
      -0.039,
      -0.032,
      0.0,
      -0.005,
      0.065,
      0.024,
      0.039,
      0.014,
      0.009,
      -0.076,
      -0.02,
      -0.076,
      -0.02,
      0.048,
      1.0,
      -0.021,
      0.364,
      0.0,
      -0.073,
      0.05,
      0.127,
      0.0,
      0.022,
      0.0
    ],
    [
      1.0,
      -0.722,
      -0.992,
      1.0,
      -0.707,
      -0.992,
      1.0,
      -0.705,
      -0.992,
      0.997,
      -0.257,
      -0.989,
      0.867,
      0.865,
      0.87,
      0.545,
      0.0,
      0.959,
      0.089,
      -0.722,
      -0.707,
      -0.705,
      -0.257,
      0.058,
      0.132,
      0.058,
      0.132,
      0.154,
      -0.021,
      1.0,
      0.065,
      0.0,
      0.142,
      0.103,
      0.085,
      0.0,
      0.09,
      0.0
    ],
    [
      0.064,
      -0.041,
      -0.018,
      0.065,
      -0.031,
      -0.017,
      0.065,
      -0.037,
      -0.017,
      0.065,
      -0.015,
      -0.016,
      -0.04,
      -0.065,
      -0.037,
      -0.052,
      0.0,
      0.038,
      0.416,
      -0.041,
      -0.031,
      -0.037,
      -0.015,
      -0.091,
      0.013,
      -0.091,
      0.013,
      0.322,
      0.364,
      0.065,
      1.0,
      0.0,
      -0.156,
      0.365,
      0.382,
      0.0,
      0.332,
      0.0
    ],
    [
      0.0,
      0.0,
      0.0,
      0.0,
      0.0,
      0.0,
      0.0,
      0.0,
      0.0,
      0.0,
      0.0,
      0.0,
      0.0,
      0.0,
      0.0,
      0.0,
      0.0,
      0.0,
      0.0,
      0.0,
      0.0,
      0.0,
      0.0,
      0.0,
      0.0,
      0.0,
      0.0,
      0.0,
      0.0,
      0.0,
      0.0,
      0.0,
      0.0,
      0.0,
      0.0,
      0.0,
      0.0,
      0.0
    ],
    [
      0.143,
      -0.223,
      -0.1,
      0.142,
      -0.237,
      -0.1,
      0.141,
      -0.231,
      -0.1,
      0.137,
      -0.054,
      -0.103,
      0.243,
      0.31,
      0.312,
      0.214,
      0.0,
      0.17,
      0.412,
      -0.223,
      -0.237,
      -0.231,
      -0.054,
      0.015,
      -0.031,
      0.015,
      -0.031,
      0.495,
      -0.073,
      0.142,
      -0.156,
      0.0,
      1.0,
      0.429,
      -0.035,
      0.0,
      0.47,
      0.0
    ],
    [
      0.103,
      -0.033,
      0.013,
      0.103,
      -0.054,
      0.013,
      0.102,
      -0.06,
      0.013,
      0.094,
      0.031,
      0.005,
      0.123,
      0.111,
      0.188,
      0.167,
      0.0,
      0.036,
      0.986,
      -0.033,
      -0.054,
      -0.06,
      0.031,
      -0.175,
      -0.088,
      -0.175,
      -0.088,
      0.943,
      0.05,
      0.103,
      0.365,
      0.0,
      0.429,
      1.0,
      0.162,
      0.0,
      0.988,
      0.0
    ],
    [
      0.085,
      0.069,
      -0.059,
      0.086,
      0.076,
      -0.058,
      0.086,
      0.066,
      -0.058,
      0.083,
      0.03,
      -0.06,
      0.08,
      0.036,
      0.033,
      0.061,
      0.0,
      0.023,
      0.215,
      0.069,
      0.076,
      0.066,
      0.03,
      -0.145,
      -0.021,
      -0.145,
      -0.021,
      0.288,
      0.127,
      0.085,
      0.382,
      0.0,
      -0.035,
      0.162,
      1.0,
      0.0,
      0.181,
      0.0
    ],
    [
      0.0,
      0.0,
      0.0,
      0.0,
      0.0,
      0.0,
      0.0,
      0.0,
      0.0,
      0.0,
      0.0,
      0.0,
      0.0,
      0.0,
      0.0,
      0.0,
      0.0,
      0.0,
      0.0,
      0.0,
      0.0,
      0.0,
      0.0,
      0.0,
      0.0,
      0.0,
      0.0,
      0.0,
      0.0,
      0.0,
      0.0,
      0.0,
      0.0,
      0.0,
      0.0,
      0.0,
      0.0,
      0.0
    ],
    [
      0.091,
      -0.02,
      0.024,
      0.09,
      -0.039,
      0.025,
      0.09,
      -0.043,
      0.025,
      0.083,
      0.025,
      0.018,
      0.121,
      0.122,
      0.191,
      0.159,
      0.0,
      0.025,
      0.986,
      -0.02,
      -0.039,
      -0.043,
      0.025,
      -0.186,
      -0.074,
      -0.186,
      -0.074,
      0.961,
      0.022,
      0.09,
      0.332,
      0.0,
      0.47,
      0.988,
      0.181,
      0.0,
      1.0,
      0.0
    ],
    [
      0.0,
      0.0,
      0.0,
      0.0,
      0.0,
      0.0,
      0.0,
      0.0,
      0.0,
      0.0,
      0.0,
      0.0,
      0.0,
      0.0,
      0.0,
      0.0,
      0.0,
      0.0,
      0.0,
      0.0,
      0.0,
      0.0,
      0.0,
      0.0,
      0.0,
      0.0,
      0.0,
      0.0,
      0.0,
      0.0,
      0.0,
      0.0,
      0.0,
      0.0,
      0.0,
      0.0,
      0.0,
      0.0
    ]
  ],
  "n_samples": 88,
  "target_correlation": {
    "pressure_fl_7d_avg": -0.088,
    "pressure_fl_trend_14d": 0.057,
    "pressure_fl_temp_corrected": 0.032,
    "pressure_fr_7d_avg": -0.089,
    "pressure_fr_trend_14d": 0.053,
    "pressure_fr_temp_corrected": 0.031,
    "pressure_rl_7d_avg": -0.089,
    "pressure_rl_trend_14d": 0.058,
    "pressure_rl_temp_corrected": 0.031,
    "pressure_rr_7d_avg": -0.083,
    "pressure_rr_trend_14d": -0.009,
    "pressure_rr_temp_corrected": 0.036,
    "fl_current": -0.003,
    "fr_current": 0.04,
    "rl_current": 0.011,
    "rr_current": -0.016,
    "tpms_deflation_count": -0.056,
    "tyre_blast_risk_score": -0.494,
    "pressure_drop_rate_fl": 0.057,
    "pressure_drop_rate_fr": 0.053,
    "pressure_drop_rate_rl": 0.058,
    "pressure_drop_rate_rr": -0.009,
    "axle_imbalance_front": 0.108,
    "axle_imbalance_rear": 0.052,
    "pressure_axle_imbalance_front": 0.108,
    "pressure_axle_imbalance_rear": 0.052,
    "tyre_stress_cumulative": -0.445,
    "km_since_last_tyre_service": -0.31,
    "tyre_pressure_min_7d": -0.089,
    "effective_tyre_km": -0.936,
    "harsh_brake_per_100km_30d": 0.086,
    "lateral_g_95th_30d": -0.445,
    "sudden_turn_per_100km_30d": -0.409,
    "avg_speed_30d": -0.419
  },
  "target_name": "days_to_tyre_replacement"
}