{
  "model_name": "driver_score",
  "features": [
    "smooth_accel_score",
    "smooth_brake_score",
    "gear_efficiency_score",
    "speed_score",
    "fuel_score",
    "cornering_score",
    "idle_score",
    "weekly_score_trend",
    "peer_percentile",
    "fuel_efficiency_vs_baseline",
    "harsh_accel_rate_30d",
    "harsh_brake_rate_30d",
    "overSpeed80_count_30d",
    "overSpeed120_count_30d",
    "overspeed_80_fraction_30d",
    "overspeed_120_count_30d",
    "overrev_rate_30d",
    "lugging_rate_30d",
    "night_driving_fraction_30d",
    "fuel_efficiency_score",
    "sudden_turn_rate_30d",
    "idle_fraction_30d",
    "avg_speed_30d"
  ],
  "correlation": [
    [
      1.0,
      0.995,
      0.407,
      0.876,
      -0.449,
      0.0,
      0.664,
      0.198,
      0.0,
      0.202,
      -0.994,
      -0.995,
      -0.87,
      -0.798,
      -0.869,
      -0.798,
      0.0,
      -0.407,
      0.0,
      -0.449,
      0.286,
      -0.664,
      -0.752
    ],
    [
      0.995,
      1.0,
      0.447,
      0.862,
      -0.467,
      0.0,
      0.655,
      0.233,
      0.0,
      0.201,
      -0.992,
      -1.0,
      -0.857,
      -0.784,
      -0.854,
      -0.784,
      0.0,
      -0.447,
      0.0,
      -0.467,
      0.288,
      -0.655,
      -0.744
    ],
    [
      0.407,
      0.447,
      1.0,
      0.316,
      -0.702,
      0.0,
      0.052,
      -0.004,
      0.0,
      0.262,
      -0.403,
      -0.447,
      -0.317,
      -0.436,
      -0.306,
      -0.436,
      0.0,
      -1.0,
      0.0,
      -0.702,
      0.271,
      -0.052,
      -0.311
    ],
    [
      0.876,
      0.862,
      0.316,
      1.0,
      -0.319,
      0.0,
      0.433,
      0.076,
      0.0,
      0.146,
      -0.858,
      -0.862,
      -0.995,
      -0.759,
      -0.999,
      -0.759,
      0.0,
      -0.316,
      0.0,
      -0.319,
      0.43,
      -0.433,
      -0.892
    ],
    [
      -0.449,
      -0.467,
      -0.702,
      -0.319,
      1.0,
      0.0,
      0.008,
      -0.106,
      0.0,
      -0.28,
      0.457,
      0.467,
      0.318,
      0.358,
      0.313,
      0.358,
      0.0,
      0.702,
      0.0,
      1.0,
      -0.147,
      -0.008,
      0.326
    ],
    [
      0.0,
      0.0,
      0.0,
      0.0,
      0.0,
      0.0,
      0.0,
      0.0,
      0.0,
      0.0,
      0.0,
      0.0,
      0.0,
      0.0,
      0.0,
      0.0,
      0.0,
      0.0,
      0.0,
      0.0,
      0.0,
      0.0,
      0.0
    ],
    [
      0.664,
      0.655,
      0.052,
      0.433,
      0.008,
      0.0,
      1.0,
      0.125,
      0.0,
      0.007,
      -0.654,
      -0.655,
      -0.421,
      -0.516,
      -0.423,
      -0.516,
      0.0,
      -0.052,
      0.0,
      0.008,
      -0.193,
      -1.0,
      -0.16
    ],
    [
      0.198,
      0.233,
      -0.004,
      0.076,
      -0.106,
      0.0,
      0.125,
      1.0,
      0.0,
      0.026,
      -0.229,
      -0.233,
      -0.117,
      0.132,
      -0.086,
      0.132,
      0.0,
      0.004,
      0.0,
      -0.106,
      -0.081,
      -0.125,
      -0.108
    ],
    [
      0.0,
      0.0,
      0.0,
      0.0,
      0.0,
      0.0,
      0.0,
      0.0,
      0.0,
      0.0,
      0.0,
      0.0,
      0.0,
      0.0,
      0.0,
      0.0,
      0.0,
      0.0,
      0.0,
      0.0,
      0.0,
      0.0,
      0.0
    ],
    [
      0.202,
      0.201,
      0.262,
      0.146,
      -0.28,
      0.0,
      0.007,
      0.026,
      0.0,
      1.0,
      -0.207,
      -0.201,
      -0.125,
      -0.238,
      -0.138,
      -0.238,
      0.0,
      -0.263,
      0.0,
      -0.28,
      0.08,
      -0.007,
      -0.141
    ],
    [
      -0.994,
      -0.992,
      -0.403,
      -0.858,
      0.457,
      0.0,
      -0.654,
      -0.229,
      0.0,
      -0.207,
      1.0,
      0.992,
      0.853,
      0.803,
      0.849,
      0.803,
      0.0,
      0.403,
      0.0,
      0.457,
      -0.283,
      0.654,
      0.74
    ],
    [
      -0.995,
      -1.0,
      -0.447,
      -0.862,
      0.467,
      0.0,
      -0.655,
      -0.233,
      0.0,
      -0.201,
      0.992,
      1.0,
      0.857,
      0.784,
      0.854,
      0.784,
      0.0,
      0.447,
      0.0,
      0.467,
      -0.288,
      0.655,
      0.744
    ],
    [
      -0.87,
      -0.857,
      -0.317,
      -0.995,
      0.318,
      0.0,
      -0.421,
      -0.117,
      0.0,
      -0.125,
      0.853,
      0.857,
      1.0,
      0.727,
      0.996,
      0.727,
      0.0,
      0.316,
      0.0,
      0.318,
      -0.429,
      0.421,
      0.899
    ],
    [
      -0.798,
      -0.784,
      -0.436,
      -0.759,
      0.358,
      0.0,
      -0.516,
      0.132,
      0.0,
      -0.238,
      0.803,
      0.784,
      0.727,
      1.0,
      0.734,
      1.0,
      0.0,
      0.435,
      0.0,
      0.358,
      -0.29,
      0.516,
      0.599
    ],
    [
      -0.869,
      -0.854,
      -0.306,
      -0.999,
      0.313,
      0.0,
      -0.423,
      -0.086,
      0.0,
      -0.138,
      0.849,
      0.854,
      0.996,
      0.734,
      1.0,
      0.734,
      0.0,
      0.306,
      0.0,
      0.313,
      -0.432,
      0.423,
      0.896
    ],
    [
      -0.798,
      -0.784,
      -0.436,
      -0.759,
      0.358,
      0.0,
      -0.516,
      0.132,
      0.0,
      -0.238,
      0.803,
      0.784,
      0.727,
      1.0,
      0.734,
      1.0,
      0.0,
      0.435,
      0.0,
      0.358,
      -0.29,
      0.516,
      0.599
    ],
    [
      0.0,
      0.0,
      0.0,
      0.0,
      0.0,
      0.0,
      0.0,
      0.0,
      0.0,
      0.0,
      0.0,
      0.0,
      0.0,
      0.0,
      0.0,
      0.0,
      0.0,
      0.0,
      0.0,
      0.0,
      0.0,
      0.0,
      0.0
    ],
    [
      -0.407,
      -0.447,
      -1.0,
      -0.316,
      0.702,
      0.0,
      -0.052,
      0.004,
      0.0,
      -0.263,
      0.403,
      0.447,
      0.316,
      0.435,
      0.306,
      0.435,
      0.0,
      1.0,
      0.0,
      0.702,
      -0.271,
      0.052,
      0.311
    ],
    [
      0.0,
      0.0,
      0.0,
      0.0,
      0.0,
      0.0,
      0.0,
      0.0,
      0.0,
      0.0,
      0.0,
      0.0,
      0.0,
      0.0,
      0.0,
      0.0,
      0.0,
      0.0,
      0.0,
      0.0,
      0.0,
      0.0,
      0.0
    ],
    [
      -0.449,
      -0.467,
      -0.702,
      -0.319,
      1.0,
      0.0,
      0.008,
      -0.106,
      0.0,
      -0.28,
      0.457,
      0.467,
      0.318,
      0.358,
      0.313,
      0.358,
      0.0,
      0.702,
      0.0,
      1.0,
      -0.147,
      -0.008,
      0.326
    ],
    [
      0.286,
      0.288,
      0.271,
      0.43,
      -0.147,
      0.0,
      -0.193,
      -0.081,
      0.0,
      0.08,
      -0.283,
      -0.288,
      -0.429,
      -0.29,
      -0.432,
      -0.29,
      0.0,
      -0.271,
      0.0,
      -0.147,
      1.0,
      0.193,
      -0.647
    ],
    [
      -0.664,
      -0.655,
      -0.052,
      -0.433,
      -0.008,
      0.0,
      -1.0,
      -0.125,
      0.0,
      -0.007,
      0.654,
      0.655,
      0.421,
      0.516,
      0.423,
      0.516,
      0.0,
      0.052,
      0.0,
      -0.008,
      0.193,
      1.0,
      0.16
    ],
    [
      -0.752,
      -0.744,
      -0.311,
      -0.892,
      0.326,
      0.0,
      -0.16,
      -0.108,
      0.0,
      -0.141,
      0.74,
      0.744,
      0.899,
      0.599,
      0.896,
      0.599,
      0.0,
      0.311,
      0.0,
      0.326,
      -0.647,
      0.16,
      1.0
    ]
  ],
  "n_samples": 87,
  "target_correlation": {
    "smooth_accel_score": 0.949,
    "smooth_brake_score": 0.94,
    "gear_efficiency_score": 0.216,
    "speed_score": 0.862,
    "fuel_score": -0.145,
    "idle_score": 0.735,
    "weekly_score_trend": 0.192,
    "fuel_efficiency_vs_baseline": 0.122,
    "harsh_accel_rate_30d": -0.939,
    "harsh_brake_rate_30d": -0.94,
    "overSpeed80_count_30d": -0.856,
    "overSpeed120_count_30d": -0.755,
    "overspeed_80_fraction_30d": -0.856,
    "overspeed_120_count_30d": -0.755,
    "lugging_rate_30d": -0.216,
    "fuel_efficiency_score": -0.145,
    "sudden_turn_rate_30d": 0.27,
    "idle_fraction_30d": -0.735,
    "avg_speed_30d": -0.722
  },
  "target_name": "composite_drive_score"
}