{
  "model_name": "battery_12v",
  "features": [
    "batt_12v_mean_7d",
    "batt_12v_min_7d",
    "resting_voltage_7d_avg",
    "resting_voltage_trend_14d",
    "overnight_drop_avg_7d",
    "cranking_voltage_dip_avg",
    "voltage_recovery_rate",
    "parasitic_drain_rate",
    "battery_12v_health_score",
    "battery_age_years",
    "light_on_engine_off_events_7d",
    "ac_acc_drain_minutes_7d",
    "cold_weather_risk_multiplier",
    "overnight_voltage_drop_avg",
    "cold_voltage_delta",
    "voltage_under_load_proxy",
    "parasitic_drain_rate_7d",
    "battery_age_days",
    "total_km_proxy",
    "lights_on_engine_off_count_7d",
    "avg_outside_temp_7d",
    "voltage_current",
    "health_score"
  ],
  "correlation": [
    [
      1.0,
      0.16,
      -0.154,
      0.085,
      0.094,
      0.116,
      0.288,
      0.0,
      0.09,
      -0.265,
      0.0,
      0.161,
      0.0,
      0.094,
      0.116,
      0.288,
      0.0,
      -0.265,
      -0.417,
      0.0,
      -0.113,
      -0.051,
      -0.02
    ],
    [
      0.16,
      1.0,
      0.003,
      -0.055,
      0.035,
      -0.141,
      0.204,
      0.0,
      -0.032,
      0.095,
      0.0,
      -0.085,
      0.0,
      0.035,
      -0.141,
      0.204,
      0.0,
      0.095,
      0.09,
      0.0,
      0.029,
      0.073,
      -0.051
    ],
    [
      -0.154,
      0.003,
      1.0,
      0.461,
      -0.14,
      0.327,
      0.228,
      0.0,
      0.432,
      -0.165,
      0.0,
      -0.154,
      0.0,
      -0.14,
      0.327,
      0.228,
      0.0,
      -0.165,
      -0.131,
      0.0,
      -0.066,
      0.072,
      0.391
    ],
    [
      0.085,
      -0.055,
      0.461,
      1.0,
      0.099,
      -0.008,
      0.087,
      0.0,
      0.71,
      -0.023,
      0.0,
      0.044,
      0.0,
      0.099,
      -0.008,
      0.087,
      0.0,
      -0.023,
      -0.054,
      0.0,
      0.108,
      0.013,
      0.763
    ],
    [
      0.094,
      0.035,
      -0.14,
      0.099,
      1.0,
      0.117,
      0.018,
      0.0,
      0.066,
      -0.323,
      0.0,
      0.113,
      0.0,
      1.0,
      0.117,
      0.018,
      0.0,
      -0.323,
      -0.187,
      0.0,
      0.096,
      0.009,
      0.019
    ],
    [
      0.116,
      -0.141,
      0.327,
      -0.008,
      0.117,
      1.0,
      0.035,
      0.0,
      0.073,
      -0.715,
      0.0,
      -0.116,
      0.0,
      0.117,
      1.0,
      0.035,
      0.0,
      -0.715,
      -0.55,
      0.0,
      -0.241,
      -0.129,
      -0.033
    ],
    [
      0.288,
      0.204,
      0.228,
      0.087,
      0.018,
      0.035,
      1.0,
      0.0,
      0.05,
      -0.478,
      0.0,
      0.134,
      0.0,
      0.018,
      0.035,
      1.0,
      0.0,
      -0.478,
      -0.286,
      0.0,
      -0.027,
      -0.071,
      -0.026
    ],
    [
      0.0,
      0.0,
      0.0,
      0.0,
      0.0,
      0.0,
      0.0,
      0.0,
      0.0,
      0.0,
      0.0,
      0.0,
      0.0,
      0.0,
      0.0,
      0.0,
      0.0,
      0.0,
      0.0,
      0.0,
      0.0,
      0.0,
      0.0
    ],
    [
      0.09,
      -0.032,
      0.432,
      0.71,
      0.066,
      0.073,
      0.05,
      0.0,
      1.0,
      -0.053,
      0.0,
      0.036,
      0.0,
      0.066,
      0.073,
      0.05,
      0.0,
      -0.053,
      -0.088,
      0.0,
      -0.026,
      0.055,
      0.943
    ],
    [
      -0.265,
      0.095,
      -0.165,
      -0.023,
      -0.323,
      -0.715,
      -0.478,
      0.0,
      -0.053,
      1.0,
      0.0,
      -0.014,
      0.0,
      -0.323,
      -0.715,
      -0.478,
      0.0,
      1.0,
      0.663,
      0.0,
      0.011,
      0.139,
      0.067
    ],
    [
      0.0,
      0.0,
      0.0,
      0.0,
      0.0,
      0.0,
      0.0,
      0.0,
      0.0,
      0.0,
      0.0,
      0.0,
      0.0,
      0.0,
      0.0,
      0.0,
      0.0,
      0.0,
      0.0,
      0.0,
      0.0,
      0.0,
      0.0
    ],
    [
      0.161,
      -0.085,
      -0.154,
      0.044,
      0.113,
      -0.116,
      0.134,
      0.0,
      0.036,
      -0.014,
      0.0,
      1.0,
      0.0,
      0.113,
      -0.116,
      0.134,
      0.0,
      -0.014,
      -0.055,
      0.0,
      0.318,
      -0.209,
      0.008
    ],
    [
      0.0,
      0.0,
      0.0,
      0.0,
      0.0,
      0.0,
      0.0,
      0.0,
      0.0,
      0.0,
      0.0,
      0.0,
      0.0,
      0.0,
      0.0,
      0.0,
      0.0,
      0.0,
      0.0,
      0.0,
      0.0,
      0.0,
      0.0
    ],
    [
      0.094,
      0.035,
      -0.14,
      0.099,
      1.0,
      0.117,
      0.018,
      0.0,
      0.066,
      -0.323,
      0.0,
      0.113,
      0.0,
      1.0,
      0.117,
      0.018,
      0.0,
      -0.323,
      -0.187,
      0.0,
      0.096,
      0.009,
      0.019
    ],
    [
      0.116,
      -0.141,
      0.327,
      -0.008,
      0.117,
      1.0,
      0.035,
      0.0,
      0.073,
      -0.715,
      0.0,
      -0.116,
      0.0,
      0.117,
      1.0,
      0.035,
      0.0,
      -0.715,
      -0.55,
      0.0,
      -0.241,
      -0.129,
      -0.033
    ],
    [
      0.288,
      0.204,
      0.228,
      0.087,
      0.018,
      0.035,
      1.0,
      0.0,
      0.05,
      -0.478,
      0.0,
      0.134,
      0.0,
      0.018,
      0.035,
      1.0,
      0.0,
      -0.478,
      -0.286,
      0.0,
      -0.027,
      -0.071,
      -0.026
    ],
    [
      0.0,
      0.0,
      0.0,
      0.0,
      0.0,
      0.0,
      0.0,
      0.0,
      0.0,
      0.0,
      0.0,
      0.0,
      0.0,
      0.0,
      0.0,
      0.0,
      0.0,
      0.0,
      0.0,
      0.0,
      0.0,
      0.0,
      0.0
    ],
    [
      -0.265,
      0.095,
      -0.165,
      -0.023,
      -0.323,
      -0.715,
      -0.478,
      0.0,
      -0.053,
      1.0,
      0.0,
      -0.014,
      0.0,
      -0.323,
      -0.715,
      -0.478,
      0.0,
      1.0,
      0.663,
      0.0,
      0.011,
      0.139,
      0.067
    ],
    [
      -0.417,
      0.09,
      -0.131,
      -0.054,
      -0.187,
      -0.55,
      -0.286,
      0.0,
      -0.088,
      0.663,
      0.0,
      -0.055,
      0.0,
      -0.187,
      -0.55,
      -0.286,
      0.0,
      0.663,
      1.0,
      0.0,
      0.071,
      0.163,
      0.058
    ],
    [
      0.0,
      0.0,
      0.0,
      0.0,
      0.0,
      0.0,
      0.0,
      0.0,
      0.0,
      0.0,
      0.0,
      0.0,
      0.0,
      0.0,
      0.0,
      0.0,
      0.0,
      0.0,
      0.0,
      0.0,
      0.0,
      0.0,
      0.0
    ],
    [
      -0.113,
      0.029,
      -0.066,
      0.108,
      0.096,
      -0.241,
      -0.027,
      0.0,
      -0.026,
      0.011,
      0.0,
      0.318,
      0.0,
      0.096,
      -0.241,
      -0.027,
      0.0,
      0.011,
      0.071,
      0.0,
      1.0,
      0.035,
      0.055
    ],
    [
      -0.051,
      0.073,
      0.072,
      0.013,
      0.009,
      -0.129,
      -0.071,
      0.0,
      0.055,
      0.139,
      0.0,
      -0.209,
      0.0,
      0.009,
      -0.129,
      -0.071,
      0.0,
      0.139,
      0.163,
      0.0,
      0.035,
      1.0,
      0.101
    ],
    [
      -0.02,
      -0.051,
      0.391,
      0.763,
      0.019,
      -0.033,
      -0.026,
      0.0,
      0.943,
      0.067,
      0.0,
      0.008,
      0.0,
      0.019,
      -0.033,
      -0.026,
      0.0,
      0.067,
      0.058,
      0.0,
      0.055,
      0.101,
      1.0
    ]
  ],
  "n_samples": 62,
  "target_correlation": {
    "batt_12v_mean_7d": 0.029,
    "batt_12v_min_7d": -0.019,
    "resting_voltage_7d_avg": 0.412,
    "resting_voltage_trend_14d": 0.734,
    "overnight_drop_avg_7d": 0.019,
    "cranking_voltage_dip_avg": -0.039,
    "voltage_recovery_rate": -0.015,
    "battery_12v_health_score": 0.984,
    "battery_age_years": 0.091,
    "ac_acc_drain_minutes_7d": 0.025,
    "overnight_voltage_drop_avg": 0.019,
    "cold_voltage_delta": -0.039,
    "voltage_under_load_proxy": -0.015,
    "battery_age_days": 0.091,
    "total_km_proxy": 0.023,
    "avg_outside_temp_7d": -0.006,
    "voltage_current": 0.081,
    "health_score": 0.975
  },
  "target_name": "days_to_battery_12v_failure"
}